19.75211732  
-14.855451  
23.41095816  
13.31550766  
8.106872531  
-14.32188749  
-12.7955421  
-7.873183452  
-0.5589883203  
-8.132320225  
10.61271749  
0.8638728857  
20.88145455  
7.356241279  
16.02639182  
2.586043088  
-5.613648607  
-16.93231048  
13.36635319  
1.403233918  
-8.694988416  
-29.31090783  
3.877442698  
32.63304432  
-13.43209023  
-14.72322024  
-26.82399739  
-9.729481783  
6.423183156  
-4.049150825  
33.1937439  
-5.056817081  
-18.88671596  
3.431132575  
-7.230930724  
-9.747951138  
-6.369104491  
-36.89243754  
-5.868803004  
-18.72278845  
-0.6408877087  
27.98939399  
-10.2345212  
-14.59927602  
9.704286728  
5.62038774  
-9.470298609  
