-60.0004018  
114.30046  
-122.5251258  
38.92551034  
-26.62313915  
26.56373482  
-184.9820921  
93.35978568  
128.9958122  
97.18044836  
26.10230224  
-11.60593675  
-45.68071703  
-113.7535853  
22.36418176  
-28.05447013  
-8.919130714  
34.49840511  
24.22687758  
25.61815394  
-118.3421866  
-155.4684578  
-2.279960998  
156.0650629  
2.915975023  
-19.76303941  
29.10481302  
16.26494817  
32.66466083  
-33.55389496  
70.02027932  
-96.14164898  
33.57374008  
-76.08176781  
-18.86895289  
117.6261274  
-3.721930433  
-98.87652546  
100.8870244  
69.74426257  
-61.66271393  
-30.07948916  
51.43355316  
89.84004344  
76.55798403  
116.3107912  
-48.36409171  
