-7.313662629  
-28.07271545  
-11.31374528  
12.02514679  
-11.85073543  
-10.8213789  
14.57972496  
71.76138231  
5.028028426  
23.01066108  
-3.538907532  
-20.49876019  
-30.06504401  
-10.97456324  
-36.00424708  
45.6279522  
-8.215853693  
39.30090061  
-23.60015169  
62.93520233  
78.79713269  
-25.27537844  
6.059943931  
-64.13239753  
-94.36238847  
-66.22962533  
49.49281937  
-78.1778918  
3.663237895  
-1.803722233  
-44.82004258  
4.884945823  
67.65035949  
-13.58299495  
-14.36785093  
32.00864112  
-40.6591627  
-16.96480712  
-44.94626749  
25.6826391  
-20.91723366  
-21.99951772  
-20.96930911  
-56.19063683  
68.49720221  
-52.88781461  
-60.3492681  
