-6.804797144  
67.38050776  
-26.64392293  
62.50371034  
-9.395514102  
118.5583676  
-30.76853142  
-74.94977717  
8.440616852  
108.3394196  
79.68625246  
3.503283387  
-12.49495016  
-73.67282205  
42.86104945  
-12.95270634  
-25.53385276  
86.79495148  
15.21854112  
155.4542453  
-155.9126062  
42.06086586  
47.65962058  
-34.98312342  
6.68631699  
-92.60212664  
113.1176836  
68.10964887  
-291.3286176  
57.07733624  
24.97308443  
-80.63551067  
-185.5918862  
39.86506303  
62.31233847  
66.92949109  
-39.50546514  
31.64214484  
16.32255351  
-24.84999539  
-142.3724566  
-20.05014222  
88.8131915  
-39.87345713  
17.0842121  
28.69076463  
32.43088814  
