28.76157754  
15.25293643  
22.33729521  
30.88900557  
8.180971303  
20.55568177  
63.43967697  
7.015274271  
46.4187245  
30.31781412  
12.40935199  
12.70166071  
-2.651801484  
49.55240093  
13.44339417  
47.12702192  
-11.35760236  
-3.604294538  
12.8848024  
81.7694837  
-42.29850852  
7.545812911  
25.17223182  
-4.800087226  
10.28700667  
44.95867759  
8.473372664  
-5.311915798  
1.779056938  
23.63177296  
11.91207214  
0.4211007881  
-3.440783238  
31.84439821  
44.00464872  
2.476321091  
-5.8654016  
7.297392726  
-1.51214645  
-2.081337041  
30.02297771  
6.490318904  
21.3674654  
-15.16657987  
26.40355461  
29.85291136  
-0.03291320588  
