-36.52445967  
13.31602596  
2.314936587  
-25.22324867  
-30.99192397  
-21.68941862  
-39.27015337  
-25.74740269  
-51.15504597  
-24.93992832  
31.32233348  
15.91769814  
14.9789445  
-28.59210631  
1.636398226  
-52.71658782  
-9.359189223  
-28.15794362  
-33.39369866  
-57.77366898  
-48.18518817  
-32.43646627  
-5.15314168  
13.28569163  
15.61368901  
30.6923185  
-21.93101529  
23.36069951  
-10.58906286  
-33.37068365  
-0.6514087234  
-12.11319857  
-42.70084718  
-30.66222115  
-31.35669659  
-2.329747983  
13.64293119  
-44.40861974  
13.2502881  
-9.842251356  
-11.7888736  
-7.998958877  
4.914036221  
11.74659765  
-47.44358025  
-27.18580727  
30.88617436  
