58.52644485  
90.31883469  
-26.21232906  
57.93426914  
-126.1579446  
55.73069098  
-121.6263006  
50.20745945  
10.98023957  
135.8253397  
67.81898108  
67.48607808  
-0.1883770469  
31.15111681  
4.68588401  
-26.78559976  
46.51908559  
20.41634337  
21.96841024  
30.76189552  
-7.701860521  
-40.77225878  
-19.19008496  
102.5303665  
-38.1812684  
93.26114187  
52.90017751  
64.97411812  
-32.38551969  
-9.370658205  
82.40466318  
-58.96002397  
81.37557314  
-75.12170437  
-47.99394769  
115.1115517  
4.483210405  
-1.879244685  
-32.92880394  
-2.798550895  
-150.4651806  
-97.49655896  
82.78247031  
-27.05367554  
20.06615371  
70.58400831  
-42.60777543  
