-23.00650661  
-8.269746445  
5.48986385  
-48.51557734  
-97.18849393  
3.100180606  
-30.14115513  
-39.55099703  
-13.4820319  
-15.70906376  
-9.059364001  
-4.267285438  
6.309696862  
29.16289198  
-5.918650979  
-56.48303039  
-49.06353913  
-29.8063498  
1.30796222  
-64.79522426  
20.78278165  
-22.89801593  
17.83693656  
-41.94487029  
-11.2449391  
55.71104685  
-40.68846805  
19.62769293  
-90.94788933  
-3.975736055  
-42.36510723  
5.620347114  
30.47854805  
-0.5286278881  
-85.2503135  
12.03367901  
-32.69220341  
27.505112  
-32.23462221  
-11.83841835  
-20.93220044  
-47.68656694  
1.486348731  
-78.65350651  
-8.268761958  
-43.67664405  
59.8065676  
