-7.180666614  
64.74681003  
-71.39894185  
28.76516335  
-29.84665618  
28.32938518  
-132.1842836  
36.57347867  
59.5603315  
51.60862068  
27.99337208  
10.37481133  
-21.44729962  
-17.72697252  
38.77378761  
-60.71225656  
4.402768442  
22.27242969  
55.59477707  
-41.77531617  
-88.74125142  
-39.55221195  
-43.27926549  
92.52448596  
29.56874185  
45.00955983  
48.27567083  
11.49309435  
-24.40549366  
-7.421137571  
68.97511094  
-73.65492844  
40.50182011  
-72.66631085  
-20.21708869  
87.15345941  
-6.974162843  
-7.138663223  
10.50962688  
-1.246066442  
-61.92000566  
-29.09807747  
-5.609243259  
36.5839372  
32.7392078  
35.97595716  
47.33030226  
