-42.45976109  
36.27622157  
-3.79909167  
17.11808955  
-1.677338931  
31.37491727  
-9.174276696  
14.6289072  
-31.03564182  
-28.66930474  
6.47874195  
3.847243433  
-55.94496588  
1.909805523  
31.3070506  
-14.84422951  
11.10237811  
-25.84736559  
-10.94264366  
-16.71580997  
43.36439696  
-23.9373054  
-54.50582651  
8.699103832  
-69.58316925  
61.05155157  
11.60009184  
2.815192481  
40.01544587  
7.230484698  
45.2696459  
-0.2592042817  
-108.2348891  
38.4160704  
12.70737572  
58.80506195  
-33.01915815  
54.7475214  
-86.98178683  
-72.98398474  
40.80408637  
-20.47294  
34.83245599  
-44.13021084  
-8.233466831  
18.93398545  
24.09926703  
