-14.56389487  
17.778225  
-31.34366071  
-30.28807304  
67.78599544  
6.59041267  
31.05152468  
16.47330084  
-18.37533538  
-12.84493311  
-30.31703372  
28.0978498  
17.98327068  
80.92235483  
-32.08729656  
-5.048284908  
31.4808931  
103.2103874  
11.99886489  
43.38141894  
33.11887052  
-44.82048697  
43.67814  
70.98076079  
-3.193438371  
-134.534337  
28.78644426  
30.09343091  
-6.317330043  
-35.97052483  
103.9008269  
35.58312008  
76.93782878  
4.839915176  
81.37004172  
74.06763901  
-1.320401056  
132.9285351  
-46.30086373  
-70.90955904  
43.48927275  
7.629132681  
14.24855155  
6.28062386  
26.25528398  
106.854233  
-43.74862224  
