-59.2017939  
96.05996487  
9.619619988  
12.06495673  
-195.3262903  
73.03787063  
-57.68453302  
-75.89970154  
6.526270707  
55.41010175  
108.6446398  
-58.5130816  
-5.59692695  
-102.9071259  
42.48706098  
-104.3868461  
-87.04408773  
97.98141752  
46.08348592  
106.9918455  
-168.1579047  
2.099224113  
23.18335293  
-59.15686819  
-27.5379916  
-22.06394479  
31.97690813  
-10.38436057  
-315.3829346  
69.49340088  
-77.67086272  
44.20016227  
-188.5498348  
45.19771944  
-46.18786303  
-39.37512445  
-143.7259752  
5.093693279  
-14.87382964  
78.90883269  
-101.6465054  
-67.1504899  
-13.85714442  
-46.09069652  
-13.39760769  
-116.7482929  
-15.4100335  
