21.15403125  
9.114993837  
13.18463455  
-113.5259758  
31.38057818  
-36.64162827  
-4.808931563  
-10.20663635  
-58.82285529  
7.462391082  
-93.76502886  
45.4513052  
88.22699483  
-124.7617452  
-65.534537  
-0.5385480556  
-34.62410953  
-36.46063898  
-60.65565094  
39.48540869  
64.92388613  
-50.78810861  
-73.67216555  
43.45092026  
-37.55677032  
-41.74679189  
71.237078  
-31.22883523  
-1.141926302  
35.80160267  
-14.03592307  
-73.99636597  
6.675880952  
51.62114955  
35.89895222  
4.984692653  
-40.99091236  
75.16137489  
32.17946903  
54.99364768  
62.59806407  
72.25958504  
54.68775646  
-38.8795192  
-27.91146256  
5.224890682  
-60.78767835  
