-7.658255846  
-52.86068962  
19.60533895  
-38.90569368  
-16.68565387  
-5.838379393  
50.49787048  
-63.34646704  
-10.9811101  
-34.75716577  
-26.33674754  
-27.81889831  
13.6225667  
-25.73506077  
-4.266857946  
-3.188554545  
-16.16007437  
-35.11578136  
-28.35396587  
5.089802254  
41.99186615  
-12.96064645  
-5.810810583  
-88.02102993  
-18.59116314  
-19.06117266  
-46.13839743  
-27.64501561  
-34.86408023  
19.32521598  
-39.35329222  
43.86542136  
-25.47817096  
-3.916836814  
-40.65135444  
-62.37764378  
-0.7343893912  
-7.07856633  
-24.19201415  
-49.07744111  
17.80669846  
-38.9371806  
-16.92512826  
-70.10489725  
-44.04738819  
-45.05352697  
5.010422765  
