41.03294886  
-8.663231379  
42.15800284  
-83.23790232  
-33.22549997  
-37.58147817  
-36.37718223  
-25.5805947  
-37.06429736  
21.21665303  
-63.14629753  
17.97385607  
78.3666438  
-205.6841007  
-31.0622522  
3.466660013  
-68.03429619  
-123.9200242  
-78.67756632  
6.788484613  
32.09426432  
-5.967622532  
-117.3503046  
-27.5298417  
-34.36333219  
94.30224588  
43.01560594  
-61.32226491  
5.175404165  
71.77212774  
-117.9367506  
-109.5794863  
-70.26194769  
46.78123363  
-45.47108889  
-69.08294592  
-39.67051174  
-57.7671619  
78.48033247  
125.9032062  
19.10879095  
64.63045653  
40.43920483  
-45.16014291  
-54.16674664  
-101.6293409  
-17.03905681  
