37.88944571  
82.82729962  
-103.0110141  
16.11262896  
-102.2519083  
57.13601391  
-178.989276  
44.93102412  
39.55519405  
218.4064801  
41.49789639  
-19.99881025  
15.21491454  
-90.33558219  
-11.63319106  
6.718636348  
32.31091309  
-45.75010977  
-30.84430469  
73.9286027  
-145.2972342  
-109.2791416  
-108.8144026  
149.5823272  
-50.19339619  
38.5681641  
95.35746319  
12.14921052  
23.31824948  
17.79543331  
76.15606496  
-75.67506145  
204.975113  
-61.61671075  
-34.18760708  
57.3012246  
56.72194576  
-151.0126552  
21.22550371  
48.43874534  
-73.65331425  
-117.566926  
55.75258044  
64.3618699  
-2.914349113  
109.825395  
-173.0882923  
