-9.547095412  
-27.00491081  
-31.96278495  
-83.19006566  
-96.43703497  
-0.613580972  
-30.25181532  
-30.54394141  
-6.394520317  
-3.763017652  
-22.46824428  
-14.82628913  
36.9409018  
-20.6097722  
-30.99884609  
-34.17025745  
-62.25776881  
-39.77274184  
-14.79813172  
-39.03052906  
-26.5228156  
-59.66814818  
-15.12657735  
-44.58378589  
-23.53441401  
25.77085848  
-48.96126922  
4.30318317  
-88.78939978  
4.647653829  
-48.09496952  
0.4612625383  
117.2516903  
15.89518166  
-73.65497312  
-14.8178892  
-34.89324433  
-37.98647006  
-19.37324703  
8.576716605  
1.661531148  
-65.23841426  
11.81089107  
-34.93269151  
-28.59574429  
-31.57675665  
6.144804262  
