-21.09122054  
10.64767565  
-1.643111477  
14.25269318  
17.73582559  
-4.223460819  
-40.0306271  
-5.63433461  
10.86708891  
52.0303788  
2.77646505  
-29.10316844  
-9.231057536  
6.471081643  
8.907264962  
2.001753682  
-0.6512745903  
-30.17220905  
-18.31594488  
7.190539945  
-24.81019503  
-19.43535031  
-23.88691484  
37.09656842  
0.5734627421  
10.70673414  
20.41481705  
13.13281184  
33.60045315  
6.861691059  
-2.618744101  
-14.79271478  
7.330142458  
7.511897683  
-14.51023659  
3.014232584  
20.88946905  
-34.56693745  
27.50135749  
27.82130443  
27.96647642  
6.160032955  
-35.85726941  
17.64136633  
7.899108523  
20.73749224  
-39.95460172  
