-20.74522645  
21.96690848  
22.14358745  
33.88768643  
2.59468069  
15.18014124  
-77.60431198  
0.7808225287  
-44.87155257  
-49.55550941  
48.11597247  
54.60194747  
-87.20772849  
-9.147852129  
35.59901939  
-39.4327819  
-37.58879494  
-105.6862695  
12.09938207  
0.05046049092  
19.08379678  
-124.1413118  
-38.59316748  
65.97923194  
-82.28901931  
8.197463377  
-43.38259978  
-28.40558163  
42.78202428  
41.09060386  
99.58636581  
-20.78255212  
-149.1426754  
4.515763601  
-22.20237924  
44.02912009  
-6.218248963  
-10.46997095  
-37.81751292  
-118.7471416  
55.53357665  
40.48203274  
19.73944121  
-92.39478599  
37.73295912  
38.16371287  
-29.49500845  
