9.670700641  
-9.279393684  
5.525407937  
22.37789673  
-0.8904565559  
-15.25197261  
-26.27491863  
26.03897301  
-11.47489645  
37.85851313  
24.43203828  
59.31555583  
33.97429845  
113.0686496  
-29.90974891  
-6.503015998  
0.4922481548  
9.426155488  
5.869858403  
33.52449092  
53.53887125  
-31.60267744  
8.697348041  
9.269036699  
-11.12377912  
35.49507355  
-35.8406154  
99.07472302  
-4.130709501  
-7.876941596  
-12.54862431  
-26.42532242  
35.11077699  
44.79713435  
-36.35736891  
44.10864788  
-48.41218476  
-1.908734969  
12.77958163  
42.23472561  
-1.943107951  
5.96528785  
-22.53839697  
1.255452673  
8.677383661  
20.02936931  
-19.88805948  
