-6.856055472  
-24.51085626  
17.55567227  
65.27016918  
16.96880172  
5.042833461  
29.18339052  
26.83078369  
33.9723676  
0.7637500682  
19.59597478  
6.847828137  
15.42733105  
7.657813244  
17.28732591  
16.95468186  
-0.1154212157  
43.17040613  
-14.16751745  
-12.69335033  
43.31559836  
13.55135168  
-1.22993962  
-6.959795727  
26.86740351  
-22.65371547  
18.64991739  
35.59626229  
22.48513888  
-1.679259963  
18.04525884  
23.97272648  
19.5902942  
26.893467  
48.67316405  
-0.02618671126  
-24.46867908  
-7.483655122  
18.19662256  
41.34769136  
-8.751845094  
1.218429274  
52.32908715  
33.99667331  
-19.26028259  
-16.92802983  
29.48952977  
