62.28270935  
-28.6794543  
-40.46084772  
50.43875395  
183.7830188  
52.44283041  
20.36803039  
4.970993864  
0.8623837729  
52.03586807  
-30.01764118  
64.93754119  
-3.125989457  
29.23430367  
0.3889613038  
86.60709037  
61.82671867  
-9.530338008  
-24.92660815  
43.31723325  
12.10435803  
39.96164149  
24.47626655  
24.17374375  
34.22430805  
-69.62944662  
80.99098934  
78.49401079  
24.05432102  
-12.41606573  
102.6439476  
-124.8356746  
2.957946354  
-5.332657473  
108.5001998  
106.304617  
104.22051  
26.54845112  
31.19638416  
-103.7588282  
-40.72595061  
47.10034871  
102.6703376  
6.217238948  
30.48182019  
145.4390586  
47.8409217  
