-25.25760781  
-1.113608477  
-4.098696666  
20.78772831  
-6.470638392  
-63.04824381  
-0.4440677911  
93.59663976  
96.1633828  
-24.38033645  
10.54579197  
2.633773921  
62.92115469  
3.946233221  
-27.82707682  
55.16498889  
-0.3868069138  
-39.24608682  
-77.82937356  
-24.51461314  
-59.63768516  
-136.7190183  
30.83696943  
22.48853355  
-49.74880368  
57.96868705  
31.59205352  
-37.27917915  
57.31502339  
33.06707138  
71.27218697  
7.17255543  
137.8126819  
-6.809354069  
-36.81918638  
23.41139335  
-152.8294561  
-41.1423519  
83.93964498  
75.8713971  
25.67108775  
-7.776298342  
1.562381463  
139.5621274  
-10.95021531  
32.52854497  
6.132808515  
