126.9300554  
75.54983245  
9.530527498  
-26.46017088  
42.78315629  
-8.042407536  
-3.316658586  
-3.262329336  
-33.69457027  
-26.32112871  
29.17836418  
68.75287018  
-36.38203284  
85.55784771  
-31.63686688  
12.1222969  
30.30083471  
4.760445816  
8.145490544  
-6.416237107  
-104.7015699  
14.83600194  
96.68892416  
-156.7330939  
-51.96217496  
80.1734692  
-22.5816187  
158.4521077  
-28.53441678  
-31.79396514  
164.9280376  
58.86723297  
-98.49645661  
26.45456214  
-41.6398045  
-40.34430584  
116.2764113  
176.1868185  
-106.6162877  
-29.11849844  
-88.79337822  
57.8828017  
35.91215205  
117.4850078  
39.39041349  
129.297223  
34.02428353  
