50.39891416  
99.59822751  
-29.82894926  
35.55637259  
-119.6159341  
68.78011243  
-91.80496361  
23.12739753  
21.74753307  
92.098925  
43.7852664  
10.39208036  
-35.51573413  
-81.91753301  
32.00668499  
-21.53290984  
45.645077  
12.56242792  
17.7640604  
-8.132620658  
-61.6695132  
-9.169580215  
-27.88743237  
93.26133042  
-27.0574886  
49.25759293  
83.51713866  
-34.10060469  
-28.25481151  
-1.493716626  
94.95328776  
-32.53470083  
46.2647962  
-119.9188383  
-11.63657805  
71.00290405  
52.89539524  
0.02949029065  
-45.70838463  
-45.03327577  
-148.522073  
-103.461847  
105.3208675  
-28.30912713  
11.38876989  
50.55463981  
-22.7197156  
