32.17340309  
-1.749793564  
-0.5102487398  
2.477044949  
18.82463927  
1.614226761  
-40.81966378  
-7.882122355  
41.10378186  
22.16435853  
4.828466833  
-12.47521103  
-23.10225125  
12.7308971  
-9.919942683  
-3.36222298  
-24.34370783  
34.87550078  
34.55639893  
19.67007443  
37.82927476  
-15.67222995  
-15.13928554  
-0.8431171605  
-34.2696109  
-25.49211713  
23.06295729  
17.92346752  
38.21988841  
12.53316048  
-7.793833303  
-27.36201644  
19.73257348  
-53.69115233  
25.49298357  
14.88893506  
-7.711268693  
6.628397335  
13.59448361  
14.147325  
0.4433408614  
-14.87763298  
-5.692624069  
-19.76441413  
-7.037839943  
17.42488655  
6.519200593  
