-15.87204917  
-18.32146944  
-15.52146402  
-84.16811607  
-109.5858476  
12.60283799  
-1.536328387  
-46.92204228  
-10.78774662  
-54.72276851  
-29.31682841  
-24.7519838  
11.00190776  
-55.49330584  
-8.036687638  
-41.31653213  
-59.27676455  
-26.00656582  
-1.340061619  
-65.86978822  
-12.51273071  
-15.76406751  
8.949962758  
-66.44713038  
-12.114518  
17.56660056  
-28.0494783  
-44.13832848  
-104.6035173  
0.8435841813  
-37.64635427  
23.6498237  
52.64465891  
-18.47123954  
-54.01884143  
-24.95354556  
-20.03136588  
12.99715707  
-45.94440388  
-36.65886594  
-22.64701854  
-62.52515126  
35.84645303  
-66.24150803  
-26.72049929  
-58.01013111  
62.89701654  
