-78.62186037  
-41.39773461  
23.93145878  
-15.45177088  
-41.14187077  
16.65011436  
-6.876395668  
32.72434807  
70.45431348  
2.101271382  
-50.86632814  
3.15713154  
21.61120491  
-103.9983091  
9.518676962  
-7.330295336  
-1.80819835  
4.686792506  
-13.34985404  
-73.14530781  
-123.4691757  
-96.58206102  
-39.0227184  
140.9384168  
32.49118125  
-54.44614801  
-10.20465173  
-109.4486047  
-39.8698281  
-0.03340571427  
-102.4129263  
-107.6250389  
48.94968818  
-90.84875999  
-83.02071546  
68.27470722  
-114.9868538  
-107.3841277  
114.6605983  
74.3765943  
89.92532127  
-53.74882546  
60.80534697  
-182.3722266  
-105.6189242  
-47.50625791  
-64.46197813  
