0.2995615337  
21.23737719  
-26.85629198  
-10.40244922  
1.86689434  
-1.463114815  
-5.327782882  
21.98067915  
33.2030735  
4.286731455  
-13.48326068  
-8.280602826  
-8.657710905  
-37.45895222  
-10.02849958  
12.76502105  
-2.90596894  
15.28533525  
-19.29800628  
16.98219778  
-33.92274243  
-58.3367549  
12.43696304  
3.545591383  
-4.820057719  
-41.20333069  
-0.1606246884  
-11.76827927  
17.41023636  
-15.47630384  
-12.02507832  
14.78884429  
15.23813589  
-10.85462709  
-4.531446598  
-10.78453423  
-8.345042291  
-23.73156374  
21.43585716  
26.81383897  
14.62939207  
8.235599319  
26.74656213  
4.170489201  
6.550718383  
35.27615715  
-31.33355578  
