-27.80296284  
-6.201854715  
-17.04147555  
-17.21536907  
-32.97418393  
-3.630369541  
-7.70801302  
-27.15463624  
40.30649648  
6.813985924  
-2.843217452  
-25.90615434  
-0.9234475877  
-53.69446931  
13.77015257  
-32.85756752  
-14.71362621  
-13.10072043  
-7.096441419  
2.576583789  
10.30650929  
-62.26755601  
-18.07255965  
-49.68487733  
-15.87528069  
17.02306398  
-19.13093681  
-1.376809164  
-42.995821  
9.417126566  
-26.52306662  
1.548556928  
5.829067398  
-33.71239548  
-53.52742167  
-3.714942127  
-18.1736785  
-53.21124056  
-6.442748668  
-25.82517988  
-12.24603886  
-38.73566665  
6.535583887  
-50.81326549  
-19.55905455  
4.689300436  
13.54516232  
