-20.10832553  
7.46294052  
9.505174992  
-14.16003644  
-29.48575017  
15.07585609  
-6.986686592  
-31.68894033  
-71.92865693  
15.18697311  
33.33393684  
5.543837856  
-32.26416867  
-11.2763045  
3.478213276  
-34.36741773  
-13.47144413  
11.25380441  
2.119471197  
19.12704053  
6.134307206  
27.05826063  
-4.955538375  
-32.42481743  
-1.549600107  
-11.99777505  
-12.04041491  
0.2553855351  
-36.52542688  
-38.99019378  
-52.74148675  
-13.04645261  
-79.50239944  
-18.12684212  
1.871295712  
3.207036616  
66.79537599  
-28.67115068  
-51.94874123  
-35.97729839  
-20.0715454  
-11.86540955  
4.331923611  
-93.7130737  
5.481905597  
-54.96753195  
-2.37132035  
