-28.91130486  
7.33348186  
20.5730772  
25.01793499  
-3.379553803  
-22.81796588  
16.68015371  
17.05698444  
9.048111485  
28.77754052  
33.19564678  
2.260168682  
-2.290265704  
-0.7328931976  
3.731526794  
-6.803021817  
4.536172827  
10.04496061  
7.048011956  
16.61375628  
55.28793676  
-0.7248526127  
6.3188046  
-19.39777157  
-19.31691922  
71.40368976  
3.565678632  
52.81159846  
-9.268223811  
3.081262672  
-31.28958111  
-25.76764498  
6.874519536  
23.92982161  
-1.003599329  
40.95647867  
-19.55937311  
-61.39512239  
3.553046476  
20.93675013  
-12.81486081  
21.2655066  
25.78410514  
-2.171162212  
9.686741387  
28.23353987  
1.072732824  
