-31.1193647  
-31.09824507  
-67.9565426  
16.69630136  
116.3615578  
7.696477515  
-3.886534232  
-1.86727394  
62.00430831  
25.89872792  
9.581912469  
46.15607152  
30.79417185  
63.02747349  
46.99077882  
21.05219022  
96.61758499  
41.88637546  
-18.3434415  
-10.35056999  
8.150120302  
72.59371534  
58.35990173  
-6.522984081  
-5.348730603  
-25.77045416  
64.22300971  
64.7543534  
37.93296595  
-26.19383113  
14.48202752  
-43.36701014  
64.27182733  
29.66940321  
138.0194254  
89.05990968  
175.4985117  
14.43656242  
21.38170813  
0.3792086961  
-31.70581269  
62.04194895  
170.012754  
38.8839869  
3.015108709  
69.25353315  
63.10650204  
