16.13342653  
-18.73516405  
-39.01014809  
-34.67448764  
1.390385923  
-3.030556177  
-1.479764781  
10.24203317  
6.738454174  
16.84529537  
-13.971247  
-11.42933395  
30.80738288  
-49.77266411  
-25.13879843  
22.18037633  
-10.56057829  
-9.433380121  
-16.75021564  
30.28215168  
-49.31403778  
-36.77013083  
-32.9635141  
-2.638915696  
-12.28947467  
-28.03319177  
-8.656473909  
-15.32450951  
2.158489668  
8.623389538  
-5.729862826  
-5.15908459  
86.77314179  
16.42380911  
11.59533992  
-26.85156857  
-2.201041256  
-65.49158141  
12.86137515  
20.41513508  
22.59373184  
-17.55184762  
10.32454295  
43.72081452  
-20.32698245  
12.09988735  
-53.66176392  
