12.1182652  
35.71031064  
48.61198934  
3.223271724  
-2.080071363  
13.54071549  
35.49735936  
-4.854194833  
17.47922202  
-18.2802885  
-5.795517075  
6.64390001  
33.50897952  
84.08042026  
-7.959236622  
-8.038137674  
15.28208609  
53.02086316  
5.151958817  
-28.05743037  
5.920358797  
-7.677291671  
-37.37893804  
7.401217719  
-31.61369403  
72.15960018  
-4.76300229  
13.74474168  
-19.16942616  
-25.33130358  
-2.608815657  
-22.75531021  
3.687021199  
41.06009862  
-17.8384435  
-23.09069517  
-6.441960732  
4.402199285  
-14.35177552  
-4.86029774  
-10.74163534  
8.470601983  
-11.92257167  
-0.4866903755  
-1.629068431  
-1.315913863  
7.243356652  
