-4.252321223  
-25.16423214  
-7.665328262  
-28.94146286  
-36.22415449  
6.831435301  
0.5178993786  
-51.69309515  
11.89524717  
-15.61190345  
-12.79245542  
-18.54570934  
5.888091502  
-21.44130006  
16.70987419  
-41.30612091  
-15.02366684  
-22.66702136  
-2.144985919  
-20.46750108  
5.563283426  
-23.38718905  
-33.84526249  
-64.39914615  
-0.5520520635  
15.17026707  
-5.572971253  
-20.57129298  
-58.92979795  
17.10095845  
-16.44159607  
17.63334537  
5.846920622  
-40.55051695  
-53.64226677  
-27.52465797  
-12.7379652  
-2.166912831  
-37.7528961  
-56.46753947  
-8.060182845  
-45.49703121  
-21.07338367  
-67.84157945  
-37.39422648  
-31.50015745  
45.08571603  
