-26.60309343  
-27.43923237  
6.364862892  
-6.812919731  
-34.37317496  
-1.57939583  
-5.978760903  
-48.13707654  
5.978524679  
3.453562267  
11.11065369  
-17.8995777  
8.150533612  
-16.23551719  
23.59547771  
-45.05538756  
-10.46051578  
-27.99173845  
12.21533608  
-13.52229309  
42.4632545  
-3.930800977  
-30.50952244  
-53.23046898  
-11.05522302  
59.43290304  
-18.4858048  
10.39147037  
-60.40605651  
24.89343052  
-14.49798859  
-13.24028765  
-9.409068779  
-22.85776826  
-48.99597507  
7.069592271  
-9.828636395  
-29.47967683  
-27.87860581  
-52.63901841  
-26.87543071  
-46.97126547  
-20.21097793  
-54.9837555  
-26.10977287  
-30.58685674  
44.87871775  
