-14.29225838  
6.031239528  
6.050904623  
-2.52765009  
-23.53202164  
-15.60673029  
-25.92659605  
9.175297308  
-4.011727616  
14.96556358  
38.3136729  
0.8415944044  
-11.01122763  
-2.9377393  
-14.5488496  
-9.15383717  
-29.24037858  
7.776440431  
-18.79424371  
16.05579896  
-9.564137336  
-49.13736434  
2.893303181  
-21.602109  
-43.5588073  
5.405765533  
15.73727684  
-9.422470699  
11.24202871  
-16.19007795  
-21.00231037  
-23.1411832  
-0.7297724315  
-48.37709565  
-3.791806074  
22.35720055  
-13.4749853  
-45.92812807  
-3.181677297  
9.032061973  
-7.014331388  
-23.19237517  
2.26680223  
-33.81421764  
-3.512122167  
-29.99081585  
3.95468424  
