-6.693593701  
9.381697814  
35.58594286  
59.6933749  
10.53441229  
23.36231952  
42.54550187  
24.6190111  
43.48587354  
-9.817031198  
17.9790917  
32.99204481  
4.085303283  
52.66929997  
-4.155975792  
-0.1704970201  
0.9794489079  
71.1152366  
-14.49984698  
-24.56251311  
47.15414556  
4.342730065  
-24.72245475  
-15.56531947  
14.98841414  
26.66177677  
24.34743569  
44.08198057  
4.204530838  
-3.23093875  
1.21787703  
7.018220954  
27.29909611  
39.53563131  
32.37521429  
-10.59734612  
-13.46057828  
10.60441768  
30.885666  
41.57589593  
-10.36221748  
-0.80557184  
49.58422263  
32.18329776  
-14.7284727  
-17.01578462  
25.92397393  
