-36.28674  
72.08029244  
-49.336589  
53.78309829  
-34.17484319  
8.141169778  
-118.5695487  
54.91820437  
68.89248034  
82.16248113  
60.1081073  
11.64345376  
-22.34175909  
-18.45986494  
44.40163252  
-66.90309048  
8.146028522  
30.95622193  
61.24047426  
-22.37612512  
-32.97028895  
-40.27706429  
-36.96046082  
73.12671545  
10.25182212  
122.5052677  
54.9663456  
64.30469213  
-33.67371782  
-4.339874921  
37.68552924  
-99.42257341  
47.37633975  
-48.7364891  
-21.22068766  
128.1099371  
-26.53353635  
-68.53378522  
14.06267333  
19.69068345  
-74.7348662  
-7.83257133  
20.17486201  
34.41277477  
42.4259492  
64.20949696  
48.4030347  
