-47.68262312  
7.781033116  
5.788660654  
-5.004694876  
-41.66863533  
-17.03117544  
12.60633894  
18.06615264  
-45.23149948  
-7.562684021  
35.22747093  
13.35509599  
12.97499223  
-15.66863637  
-4.6311686  
-6.782960306  
-0.947668165  
-25.23848237  
-53.6162782  
-3.503956961  
-46.56996817  
-33.46513396  
18.03258894  
-20.75899208  
-9.289196585  
30.55149452  
-8.012783446  
-27.34593804  
-26.97785975  
-28.72323851  
-13.20847726  
4.220833089  
-20.46234559  
5.314056459  
-29.2847892  
7.468265313  
-5.763716829  
-52.5565248  
-16.7761607  
-5.115262691  
-7.457671932  
-8.314741868  
7.959426256  
-14.04980345  
3.525717695  
-47.41570238  
-2.564516229  
