49.09520074  
34.15209729  
30.22543465  
-41.911942  
2.264446731  
-16.14440584  
-8.905840585  
29.13784161  
37.77746109  
-23.09003946  
-20.75539587  
67.13696729  
-13.59753739  
-18.44046011  
-21.93101499  
-0.9624824098  
34.48305383  
13.21753345  
-6.925853435  
-66.49984036  
-225.2857415  
-81.74605858  
57.66620528  
-15.79467787  
-19.47099366  
27.37192793  
-31.680841  
49.00350384  
-68.40424399  
-31.82737048  
62.51510938  
-48.75780551  
-49.54676848  
-64.39419896  
-124.6605195  
27.93039972  
1.28955794  
68.80268816  
8.044312017  
45.25809646  
1.131942766  
4.133976074  
96.71749946  
-64.88721805  
-66.22851055  
81.79096491  
-30.43769433  
