61.65646803  
33.17746336  
38.5898842  
64.82423007  
41.35507141  
-22.18901535  
39.00930552  
58.45955887  
221.5783991  
43.91791547  
40.65390066  
23.20753549  
41.53209888  
102.8584605  
-4.187105494  
97.56491525  
-51.40426516  
-16.24842155  
-4.007897632  
107.3254272  
-110.490347  
-136.2709552  
42.85641653  
46.08992548  
-38.54151544  
125.5764908  
53.21052286  
20.72709313  
115.4818224  
88.21633189  
99.85956526  
-35.6812914  
128.4251857  
-32.78798739  
74.61118552  
33.45495649  
-152.8648788  
-11.77126312  
124.5362838  
81.12905849  
81.82918206  
-9.357510388  
35.55929796  
115.2609545  
-16.15024451  
129.8891487  
46.03687328  
