-1.104086613  
-7.291510145  
28.98210264  
64.20881661  
11.93645322  
13.78639593  
7.923963292  
20.93411525  
33.47637129  
-10.29075329  
34.82922993  
48.7299817  
-17.49228513  
20.95660703  
-0.5421789752  
-5.764260234  
-21.11309291  
27.61698806  
-7.965434982  
-10.79526015  
36.87085407  
-26.49950721  
-6.958588985  
1.060984287  
21.29102848  
-11.06171016  
8.958828529  
29.09347526  
11.51653352  
16.49953529  
20.19305515  
7.762208654  
12.43416093  
14.54882899  
26.68477723  
-7.825761649  
-2.379621466  
-12.60214654  
52.05768149  
27.94160951  
-1.871842428  
16.68921822  
48.52740742  
16.25733658  
1.136692094  
-10.16723761  
5.644763072  
