-18.38086824  
28.56896216  
24.06295995  
5.665756883  
-22.11262671  
0.003803562905  
20.52693596  
-17.406004  
-5.255334478  
7.620458667  
44.32227225  
26.40653114  
18.05585885  
20.96029401  
15.29926852  
-7.862596282  
-15.02387439  
-29.66910508  
-20.86788911  
20.5382908  
-88.40354661  
-24.89065331  
20.01908952  
8.485604235  
25.90069569  
74.79473785  
-19.97055079  
18.04878331  
-8.810006125  
-9.738910462  
11.26066332  
-11.69209798  
-46.14163031  
1.182177109  
12.64795228  
0.1465731604  
7.777529348  
-37.11122676  
11.73814162  
-11.92358839  
18.23410414  
-1.508640138  
26.28150163  
-3.419981892  
-21.0400261  
2.667104074  
30.85326073  
