-21.20516178  
9.353895152  
-6.111161393  
8.836701896  
5.296010149  
8.200675408  
-32.13563695  
8.963173111  
13.39616426  
15.25722702  
-0.8216301313  
-8.815170703  
-5.609953641  
-26.31449299  
1.08486865  
11.68220827  
-5.581887186  
-9.320750138  
-1.849723211  
19.29420699  
-4.127296872  
-18.69912522  
12.7896384  
45.28071702  
-6.509480273  
-30.00674212  
-18.20982304  
-2.654350643  
23.72594118  
-2.972622236  
23.15171796  
-21.19077674  
-22.14836232  
0.6010486197  
5.764736616  
17.44748757  
17.03298839  
-16.96196996  
37.63139167  
13.53413  
-10.18624347  
-15.97837616  
2.687267231  
32.05730184  
19.43288481  
8.869219303  
-32.82028413  
