-31.66157416  
-7.673793708  
-22.31936841  
-69.91542344  
-87.56241662  
7.577969225  
-40.81258291  
-49.11053746  
-0.6723013733  
0.431234425  
-26.75483502  
-53.09078067  
-0.08220560778  
-49.02222379  
-1.678343239  
-44.1800746  
-53.15663687  
-53.51461688  
-19.03345946  
-58.90236573  
-45.2749523  
-35.19941803  
-14.93695185  
-29.3505627  
-11.54105557  
29.63792231  
-21.89263051  
-31.00551675  
-71.00306362  
7.705275096  
-40.26509832  
8.857108705  
59.97480111  
-10.95934175  
-68.52907703  
-21.9393129  
0.8581031845  
-21.56978003  
-18.44304644  
-8.837561272  
5.319457162  
-56.36511824  
-0.0108157077  
-48.60014162  
-18.82139083  
-37.27263925  
22.94241577  
