11.70524469  
-5.47375331  
60.52584206  
73.00888399  
19.24738106  
8.987410239  
30.39470555  
17.10216587  
43.32826328  
-17.78463342  
28.97286628  
33.69233435  
25.99438744  
60.02554107  
12.1337397  
0.9304025761  
-6.858086646  
53.79044183  
-1.921755056  
-22.73133043  
39.59379874  
-24.96817742  
-20.84501185  
17.06772499  
1.556324204  
9.891346458  
-2.558164676  
34.35249862  
10.62771428  
-7.280089551  
34.41162146  
1.961404021  
8.412380136  
42.9667635  
25.14428367  
-20.3452971  
-19.8296828  
-26.28801985  
25.01686232  
22.85310744  
-11.00310493  
27.18382152  
39.3497009  
17.58402156  
-5.024185578  
-11.39539661  
16.45367559  
