25.12484447  
-16.18413901  
47.61216023  
57.7920844  
14.75261006  
0.6808660444  
40.0540386  
13.35303421  
58.05722184  
0.8715292133  
20.07976276  
31.1630738  
41.8046552  
55.39251794  
-12.57441334  
9.344993429  
-7.81731542  
76.4084337  
-2.048460682  
-15.04547875  
19.63338067  
1.655929294  
4.469179759  
-3.598348724  
43.06395353  
-8.372388416  
4.86272796  
37.8096433  
-12.5916006  
-8.870756719  
-4.820073366  
4.6194148  
71.973184  
22.04316197  
22.40606096  
-44.87385281  
-0.1355514526  
-35.21556208  
71.44215776  
68.70649387  
-31.08470411  
23.42559462  
27.05073378  
46.94876546  
-5.759595737  
-23.67258349  
9.139191575  
