-6.560627147  
32.42428248  
-86.11327075  
10.85484734  
-23.96750308  
41.46365272  
-27.62445219  
-113.5328005  
37.98696432  
14.19418014  
-20.23879758  
6.752868705  
-0.7875810553  
-103.5262579  
40.1267564  
28.60340068  
0.7136412947  
59.52515929  
3.987864057  
44.81789275  
-103.941527  
-32.33756896  
-64.68037224  
82.16579204  
-21.86708711  
-30.24039685  
27.98282524  
53.2482953  
-107.6436282  
-10.36402366  
67.59740201  
-69.10159966  
-44.29895526  
39.61830064  
37.30011313  
25.29874578  
-5.955976124  
103.0247913  
22.93685406  
20.16955404  
-84.26426797  
25.35334237  
7.8670424  
-54.24592262  
31.30046055  
13.69238543  
-5.327671669  
