25.82693532  
63.5225277  
-24.31207151  
-5.841453857  
-142.7742466  
39.95464519  
-32.63547714  
-107.7789591  
-30.03243097  
-11.6249663  
-29.82751761  
-39.05397083  
-31.20552683  
-166.5537298  
-9.074433397  
7.811049077  
-95.40445889  
28.25739574  
26.57743272  
47.38854336  
-111.4801991  
-104.9312863  
-123.0402756  
88.6887781  
-16.51835567  
-7.188996452  
-38.21136106  
-11.50605776  
-145.5765928  
15.82980771  
53.11537487  
-25.7345911  
-108.5707809  
9.948896646  
-100.7193137  
-63.76116335  
-181.4544873  
88.58823082  
1.555145158  
19.7903447  
-52.55845577  
-36.68860651  
-162.1457142  
-93.12990979  
28.28535223  
-55.56114709  
-68.43417378  
