-20.36252081  
26.95910678  
10.67804525  
8.762581672  
2.411249521  
-52.27004065  
-15.80653721  
20.86137057  
90.65233294  
-45.91857146  
13.36130266  
21.47297455  
93.6744068  
14.92079597  
7.108142682  
9.520774015  
9.364144702  
-78.75991178  
-54.00397168  
-88.19436809  
-136.9786436  
-111.443641  
24.77702465  
86.62093057  
44.61358503  
121.6065446  
-19.99630886  
40.89871172  
53.65178553  
34.8707936  
116.0922288  
2.287608754  
70.16232172  
6.773640661  
-22.4513353  
-8.597247711  
-112.1702924  
-24.17754426  
128.8859125  
50.18875796  
46.58832157  
14.22321989  
22.53169052  
195.7527643  
-79.4474178  
85.4163598  
66.48207633  
