-23.89410614  
-15.81033691  
-25.56434753  
-20.1047607  
-30.81124329  
12.31793252  
-35.17077946  
-39.71308449  
22.78417564  
-1.040281799  
-13.16338682  
-26.361174  
1.386762016  
-47.75579265  
14.52130119  
-29.77645145  
-17.36726835  
-28.77258225  
-3.104877247  
-1.588369025  
-6.744202731  
-42.08631465  
-21.05562411  
-19.11842872  
-7.061532392  
-9.804007106  
-31.71608951  
-23.22564371  
-35.20385634  
14.12833597  
6.710121976  
-3.55743119  
-16.30144155  
-39.94946838  
-47.87753013  
-10.07717106  
4.295023172  
-19.12888254  
-0.1215045938  
-42.9334098  
-18.24642665  
-61.47540723  
-18.38611586  
-35.78427851  
-17.96134183  
-22.63093795  
12.26543185  
