-43.61232823  
-62.7967455  
0.7221419017  
-94.81995555  
-34.12428199  
-26.47154676  
29.71978068  
-58.42801021  
-14.05391871  
-73.49694997  
-49.98455883  
-43.67148458  
21.13153384  
-11.29899834  
-22.08897638  
-30.04986171  
-78.0044463  
-46.68286115  
-18.0602335  
-66.64149159  
0.6426716624  
-20.89695272  
10.95022166  
-94.52951104  
1.700957457  
-1.608226186  
-72.38272855  
-20.52162076  
-73.67588425  
5.021287922  
-86.43236987  
32.52081674  
33.17733202  
45.24412832  
-55.45566968  
-58.94788121  
-36.03432872  
-4.301056646  
-9.339532871  
-0.2315752336  
65.5972543  
-7.714211714  
-34.74261523  
-43.26626107  
-28.46533024  
-72.91870426  
54.27957445  
