-51.61416642  
0.5659107996  
-52.4136165  
13.89481739  
1.455462598  
17.48020897  
-46.17705615  
18.95628394  
-48.5314627  
-9.87113142  
11.94999692  
-0.8044352631  
-91.66967101  
-82.17061619  
37.57878417  
-8.310969922  
-3.948061625  
-79.03421857  
-16.89113399  
12.38935645  
36.28740946  
-16.26001427  
-17.12688867  
1.29788665  
-37.96947447  
-13.10293669  
16.61396186  
-10.92954937  
59.18487289  
32.56178766  
47.87846156  
22.49610601  
-111.9219114  
-2.644027856  
30.545819  
81.89575794  
-26.57719784  
50.34532229  
-72.63001084  
-68.123687  
51.54572158  
-28.94354218  
46.75502761  
-43.64352059  
-6.604398668  
20.24989973  
16.85591001  
