-2.305969136  
17.21934596  
7.847117768  
-1.061352483  
-1.405058497  
8.808231115  
-19.39217076  
-1.988156325  
0.5798261244  
-12.11669604  
16.14409357  
35.93129773  
-32.51691384  
13.29879369  
-15.71908017  
-22.23640474  
-21.21637332  
-16.47216809  
5.767763411  
5.232181344  
-5.516301198  
-40.05085875  
-5.728649876  
8.020780365  
-5.576375677  
3.098742614  
-11.91618496  
-6.502786948  
-10.9686055  
18.17879522  
2.147796366  
-16.21051805  
-7.15613366  
-12.34463788  
-21.98838703  
-7.799575114  
22.08905737  
-5.118490761  
33.86106113  
-13.40608206  
6.880002889  
15.4707889  
-3.801679295  
-17.73933681  
20.39697456  
6.7607926  
-23.8447664  
