29.92443711  
133.8728479  
-40.70665014  
34.07097419  
78.13042604  
136.5258259  
-66.61921419  
81.02836572  
61.46242549  
66.25808134  
37.57885557  
99.38241685  
-9.813894956  
106.6711527  
104.4783284  
93.8134047  
94.62242001  
-4.530421083  
75.05244202  
95.15273199  
-9.808767782  
42.17055105  
-15.40304017  
273.8514624  
3.010432572  
120.8091574  
-23.66831135  
-102.5368471  
168.2162177  
4.635469667  
155.1390022  
40.18292748  
75.39947057  
35.1882083  
52.88703554  
83.76606381  
126.4581115  
-31.85974227  
199.6604605  
71.58423688  
29.92148835  
120.7281728  
-0.868903514  
-7.746970021  
58.05598659  
120.9678141  
-55.44980394  
