-44.28667416  
-15.42293069  
-25.92169322  
-15.27663354  
-176.9908193  
9.972515335  
-18.2667813  
-45.57538443  
0.4640786794  
-44.60941741  
-152.1016478  
-50.88806391  
-23.88027453  
10.18568949  
-143.5429527  
-71.03943313  
59.84336054  
11.45156553  
-3.295591562  
-95.08708156  
-16.83530451  
-33.1981789  
-12.59523763  
-170.9791197  
-65.04557865  
-66.13276791  
2.727658501  
67.47469043  
-26.7035799  
-76.93284246  
8.112652409  
41.18067479  
-150.092033  
-87.2530684  
-234.4220486  
-119.4353024  
-92.6601669  
-45.17067739  
6.274220904  
-92.63994244  
-22.01295336  
-24.09769375  
38.73113503  
-148.8301543  
-187.6289313  
74.54179967  
2.978136645  
