23.41118206  
13.40930389  
0.3743596547  
-7.467102441  
-30.734892  
-12.02713402  
8.173738892  
-10.64423183  
14.24177938  
-11.71634303  
-13.61967287  
-6.729124924  
-28.64253305  
-6.202895662  
15.48634481  
16.97279917  
12.47570262  
-16.03041735  
-5.805661708  
61.56476971  
-29.68560603  
-10.92883964  
4.739733614  
0.8425253682  
-3.245243394  
-6.225937758  
-18.16212184  
-4.297486346  
22.21055735  
-1.975099146  
19.47164188  
-6.659105605  
-6.366989583  
21.79454083  
10.18793545  
-6.326052573  
28.59000721  
-31.74005603  
-4.186713535  
11.23153142  
32.94838111  
4.567207022  
-39.09972996  
-20.18675465  
15.1401582  
1.164865709  
-20.98375894  
