-3.230317543  
29.2974319  
39.0233366  
30.86918922  
36.52764016  
50.23247119  
36.30096551  
14.05097361  
11.98164638  
41.59897196  
4.157770567  
-39.38868428  
24.37418345  
-15.90670528  
21.48151242  
29.54448056  
-11.70099271  
41.98745522  
-18.04099714  
6.702212102  
10.95648375  
-43.65720698  
24.93646725  
-62.5651515  
-10.65727159  
-56.93813526  
-49.19379391  
1.984494593  
21.92022014  
13.30800506  
-18.91412059  
-0.6721447472  
1.228853125  
34.43454678  
-6.568948371  
6.230362366  
42.92651945  
37.33018576  
21.41413274  
43.48904002  
27.57449744  
2.437362698  
25.04713635  
12.53165842  
28.06751064  
0.1759725856  
11.01383088  
