-40.7775842  
26.25026273  
17.13444112  
4.836824871  
40.25700614  
-13.89926856  
87.25783141  
7.685196722  
-10.21376396  
22.77193773  
54.99424139  
-20.24872191  
-5.172018762  
-1.552909711  
5.345906637  
4.71075064  
-1.61854901  
6.734591104  
8.519344899  
-19.17935594  
42.55044732  
-8.448750988  
66.99317554  
-50.82390115  
-39.76215957  
-3.203311307  
-40.58755974  
35.87586925  
-23.07829925  
22.03361888  
8.139196615  
9.136334942  
-2.892029132  
33.84244639  
-28.45306802  
-13.24480753  
-1.769454871  
34.34171412  
-23.02319268  
-26.51577238  
39.99996766  
-1.133821939  
30.99406776  
3.024807613  
23.67765411  
-5.433214491  
50.13806121  
