-19.19755593  
-9.145786044  
10.91545376  
-9.260912963  
-12.99894642  
-44.25491811  
58.31092566  
-46.72179961  
-46.17677259  
-23.62395044  
-10.24627142  
3.594114736  
-26.5761406  
-14.20162706  
-45.08185219  
-61.74619988  
-20.14631728  
-15.52731042  
-12.26279213  
39.81746851  
3.447737402  
-2.261112458  
16.42894398  
-104.3321082  
-22.82110861  
-33.47794399  
-27.21130016  
48.08805031  
-48.43170268  
12.11946097  
-65.91215073  
-25.65693425  
-31.68490359  
-4.220436315  
-51.6058764  
-34.10590752  
-56.01617169  
-7.192365721  
-81.26778723  
-46.54902063  
48.06156812  
-22.92610277  
-15.30449526  
5.386615222  
-13.39125214  
-37.35044132  
15.81793327  
