-34.69083652  
-44.34373924  
103.6348147  
2.437676075  
157.0229421  
46.82972322  
104.9362961  
122.8231237  
43.3826599  
44.71080615  
59.73285697  
67.53515179  
-15.3114482  
-12.19606695  
77.59737637  
7.528571611  
-26.13935277  
19.08278822  
24.26834048  
90.9582735  
91.19496781  
4.311664594  
15.77823312  
144.9963418  
39.35963934  
78.99307293  
25.32476998  
20.5731203  
-1.378699865  
51.81757491  
-21.06526976  
-41.8783267  
120.8896809  
84.91095302  
251.1027473  
81.20635301  
52.15056949  
73.80338525  
47.09555597  
29.51978945  
52.80759521  
48.63074568  
4.672131822  
94.95006792  
129.530657  
-7.955201682  
18.88974604  
