-21.13732264  
64.54087  
-39.94167719  
10.33058536  
85.86148998  
56.7293445  
-28.37650335  
89.69546914  
53.83858827  
54.50462388  
98.05282602  
40.54079824  
17.88563038  
74.29402386  
79.929154  
86.63495482  
65.8485456  
-0.588833586  
76.03862949  
-75.60874235  
53.70796742  
50.92612421  
31.72284863  
223.2970404  
-8.652124505  
134.2920067  
25.06267758  
-54.67846024  
66.84806067  
4.289832754  
154.3655292  
62.35827345  
67.54834913  
19.12638093  
48.0805813  
57.35108682  
64.18408488  
26.27688373  
135.1384195  
11.14344184  
-39.53395161  
69.75179176  
58.63284279  
-3.846231104  
36.16697852  
85.84810054  
22.78342222  
