-25.67619103  
93.83830166  
-2.447117108  
41.19977465  
122.6550208  
110.9832197  
8.005332518  
104.0435653  
67.08689333  
95.14973348  
97.91418754  
4.639748111  
43.28779371  
58.38731871  
100.3012036  
112.9172111  
52.73100617  
44.35221275  
58.95887946  
-67.01414484  
62.86701684  
7.268916768  
56.65931562  
160.731888  
-19.30939617  
71.73251585  
-23.97910587  
-52.69396595  
88.76828039  
17.59783777  
135.4514083  
61.68612903  
68.77720212  
53.56092781  
41.51163307  
63.58144924  
107.1106045  
63.60706922  
156.5525528  
54.6324818  
-11.95945429  
72.18915462  
83.67998012  
8.685427331  
64.23448887  
86.02407275  
33.7972535  
