-30.75913037  
49.29646703  
-3.072327517  
17.84112372  
53.85726128  
32.11073173  
37.45060337  
2.329445416  
-18.22812463  
28.18640479  
32.33467586  
31.37759807  
-4.774473164  
31.53697387  
0.8170675575  
-12.93489005  
11.7774122  
3.542329252  
24.25176899  
31.64598192  
28.752099  
11.19544249  
22.5240276  
2.891572785  
-25.18945407  
11.09438926  
-38.64969828  
7.606266352  
14.98317405  
19.80314112  
-4.512090202  
1.23592512  
8.299424045  
11.2776085  
-33.24705159  
8.614441825  
-3.152284135  
14.88062418  
17.04017026  
-11.94978715  
44.16371402  
27.47077106  
22.0769211  
16.43385006  
13.77433099  
16.75640431  
15.29505895  
