-19.27995876  
29.82930078  
-8.55134752  
-7.829171643  
14.30673995  
-19.03896621  
49.09197757  
-6.085325511  
-17.14237272  
-1.991496574  
34.17315193  
21.87467069  
-30.65845392  
19.84393714  
-0.03519772198  
-12.1567689  
16.2684543  
-23.30720108  
20.38157738  
29.83609356  
16.5777597  
17.73752965  
34.6602348  
7.737674423  
-28.76979262  
31.36470693  
-23.78019474  
18.60007725  
-3.902393923  
13.27682789  
21.00643457  
2.192649692  
-1.094223839  
16.24002454  
-22.47161774  
-8.593390345  
-9.629125684  
-9.923951755  
-15.7919345  
-35.36153409  
44.76878259  
14.23339672  
-5.537938675  
-6.629877579  
12.2623163  
6.156041572  
16.71776495  
