13.535276  
23.04620418  
-17.78121172  
13.00429884  
15.06634553  
46.76154567  
-49.04333013  
-4.927413926  
-10.2857736  
4.576905155  
-23.30551799  
51.92841595  
0.2201615197  
33.08988365  
-3.670541663  
-19.10653987  
15.85014542  
-0.9207481581  
16.88262252  
50.5047207  
-13.35531748  
19.64419351  
-44.4691481  
53.71547362  
14.57270536  
14.32285086  
2.965778985  
-28.26960302  
38.06147327  
-2.230477857  
-12.65128691  
-7.900409935  
11.19145343  
-22.56483817  
-4.793983224  
21.8592497  
-1.382829226  
-19.46108989  
40.06336293  
14.56598519  
4.163746572  
28.60459289  
-8.917146468  
13.40904255  
-9.903322971  
22.18961894  
-34.84300221  
