-49.72508794  
16.41999693  
-14.37341893  
-0.3620691215  
42.03203783  
-5.018511653  
39.97215416  
6.489288882  
-27.16266464  
11.28212732  
46.67913053  
43.18822887  
-3.28809436  
26.04683269  
-16.65493592  
-30.74781199  
3.085054787  
-8.994771857  
26.81286473  
-25.06183387  
40.52361578  
28.66636921  
29.92050127  
6.895149126  
-25.52454922  
32.75596974  
-7.11014071  
22.89756329  
-26.11295125  
15.25192698  
1.534792695  
8.851755273  
5.272765796  
-5.55451629  
-32.65955337  
-2.267337824  
-38.21913264  
21.81610431  
-11.6052209  
-46.59306557  
11.82040154  
9.666189701  
33.56179109  
13.55687696  
-2.877841909  
4.991175709  
37.70152361  
