-76.40884805  
-59.76666997  
82.48096786  
-12.8389578  
-15.01019572  
45.38066934  
87.35491989  
78.212637  
49.77797754  
-0.2004358468  
-91.35249726  
12.55266326  
-32.01599654  
-2.010378447  
-69.46503475  
-62.54285612  
36.60315201  
36.13265234  
25.19267024  
2.103725536  
74.32189037  
-28.88651411  
3.182995394  
-25.98277783  
-25.68593926  
13.22173384  
29.07559696  
88.04781093  
-28.08227962  
-25.11526738  
-12.95261773  
-0.6976516985  
-29.20235123  
-2.342115356  
16.68069894  
-38.22894931  
-40.50959775  
28.63270808  
53.36977744  
-63.12015282  
30.79464169  
24.53305181  
43.40326733  
-53.88008605  
-58.09827428  
66.58659748  
21.86788299  
